{
    "docs": [
        {
            "location": "/", 
            "text": "Octave\n\n\nMatrix \n1\n \n2\n\n\n Initialize Matrix\n\n A = [ 1, 1, 2; 3, 5, 8; 13, 21, 32 ]\nA =\n    1    1    2\n    3    5    8\n   13   21   32\n\n\n Index Expression\n\n A(1, [1, 2])  # row 1, columns 1 and 2\n\n A(1, 1:2)     # row 1, columns in range 1-2\n\n A(1, : )       # row 1, all columns\n\n\n Transpose A\n\n A'\nans =\n    1    3   13\n    1    5   21\n    2    8   32\n\n\n Inverse of the square matrix A\n\n inv(A)\nans =\n\n   2.00000  -2.50000   0.50000\n  -2.00000  -1.50000   0.50000\n   0.50000   2.00000  -0.50000\n\n\n\n\nProblem 1\n: Transform labels vector to labels matrix\n\n\n Input\nlabels =\n   1\n   1\n   3\n\n Output\nlabels =\n   1   0   0\n   1   0   0\n   0   0   1\n\n\n\n\nTwo solutions\n\n\n Solution 1\nnum_labels = size(labels, 1)\nout = zeros(num_labels, num_labels);\nfor i=1:num_labels\n  out(i, labels (i)) = 1;\nend\n\n\n Solution 2\nnum_labels = size(labels, 1)\nout = eye(num_labels)(labels, : )\n\n\n\n\nKnown Issues\n\n\nPlot window not responding\n\n\n\n\n\n\n\n\n\n\nSimple Examples\n\n\n\n\n\n\n18.2 Basic Matrix Functions\n\n\n\n\n\n\n8.1 Index Expressions", 
            "title": "Home"
        }, 
        {
            "location": "/#octave", 
            "text": "", 
            "title": "Octave"
        }, 
        {
            "location": "/#matrix-1-2", 
            "text": "Initialize Matrix  A = [ 1, 1, 2; 3, 5, 8; 13, 21, 32 ]\nA =\n    1    1    2\n    3    5    8\n   13   21   32  Index Expression  A(1, [1, 2])  # row 1, columns 1 and 2  A(1, 1:2)     # row 1, columns in range 1-2  A(1, : )       # row 1, all columns  Transpose A  A'\nans =\n    1    3   13\n    1    5   21\n    2    8   32  Inverse of the square matrix A  inv(A)\nans =\n\n   2.00000  -2.50000   0.50000\n  -2.00000  -1.50000   0.50000\n   0.50000   2.00000  -0.50000  Problem 1 : Transform labels vector to labels matrix   Input\nlabels =\n   1\n   1\n   3  Output\nlabels =\n   1   0   0\n   1   0   0\n   0   0   1  Two solutions   Solution 1\nnum_labels = size(labels, 1)\nout = zeros(num_labels, num_labels);\nfor i=1:num_labels\n  out(i, labels (i)) = 1;\nend  Solution 2\nnum_labels = size(labels, 1)\nout = eye(num_labels)(labels, : )", 
            "title": "Matrix 1 2"
        }, 
        {
            "location": "/#known-issues", 
            "text": "Plot window not responding      Simple Examples    18.2 Basic Matrix Functions    8.1 Index Expressions", 
            "title": "Known Issues"
        }
    ]
}